0.000000 1.000000 1.000000 1.000000
0.025000 0.997494 0.998095 0.998161
0.050000 0.997494 0.998095 0.998161
0.075000 0.997494 0.998095 0.998161
0.100000 0.997494 0.998095 0.996329
0.125000 0.997494 0.996195 0.995598
0.150000 0.997494 0.996195 0.995050
0.175000 0.997494 0.994738 0.995050
0.200000 0.997494 0.994738 0.995050
0.225000 0.995552 0.994738 0.995050
0.250000 0.995149 0.994738 0.995050
0.275000 0.995149 0.994738 0.993511
0.300000 0.994997 0.994738 0.992987
0.325000 0.993344 0.994738 0.991150
0.350000 0.993343 0.993673 0.989324
0.375000 0.992768 0.993087 0.988465
0.400000 0.992768 0.991634 0.987941
0.425000 0.992768 0.990650 0.986634
0.450000 0.992768 0.989085 0.985475
0.475000 0.992768 0.988603 0.983876
0.500000 0.992768 0.987178 0.982442
0.525000 0.992768 0.987072 0.980979
0.550000 0.992768 0.985735 0.979895
0.575000 0.992768 0.984627 0.976684
0.600000 0.991692 0.983408 0.973179
0.625000 0.990178 0.981502 0.969561
0.650000 0.989541 0.980786 0.964857
0.675000 0.987739 0.978857 0.958655
0.700000 0.986541 0.977158 0.950466
0.725000 0.984528 0.974164 0.941560
0.750000 0.983088 0.970026 0.932326
0.775000 0.981745 0.965878 0.918049
0.800000 0.980690 0.959673 0.891495
0.825000 0.977760 0.951671 0.837714
0.850000 0.975014 0.941400 0.814180
0.875000 0.969191 0.927891 0.000000
0.900000 0.964446 0.909881 0.000000
0.925000 0.955679 0.866671 0.000000
0.950000 0.933180 0.782484 0.000000
0.975000 0.872283 0.000000 0.000000
1.000000 0.728677 0.000000 0.000000
