0.000000 1.000000 1.000000 1.000000
0.025000 1.000000 1.000000 1.000000
0.050000 1.000000 1.000000 1.000000
0.075000 1.000000 0.990991 0.989011
0.100000 0.987952 0.990991 0.983471
0.125000 0.987952 0.964789 0.961290
0.150000 0.980000 0.959302 0.957219
0.175000 0.957983 0.955224 0.954338
0.200000 0.956204 0.952381 0.948413
0.225000 0.948387 0.950000 0.937282
0.250000 0.947674 0.935154 0.931250
0.275000 0.942408 0.929231 0.918768
0.300000 0.937799 0.916435 0.917949
0.325000 0.933921 0.913043 0.917258
0.350000 0.916000 0.912114 0.908722
0.375000 0.914179 0.907489 0.908722
0.400000 0.903114 0.907025 0.900188
0.425000 0.899676 0.898077 0.886364
0.450000 0.899083 0.883721 0.874797
0.475000 0.893372 0.871667 0.846726
0.500000 0.888587 0.845092 0.820548
0.525000 0.886305 0.815233 0.796203
0.550000 0.884236 0.801587 0.770760
0.575000 0.872093 0.775735 0.747289
0.600000 0.861842 0.743532 0.723684
0.625000 0.845041 0.717098 0.000000
0.650000 0.811429 0.717098 0.000000
0.675000 0.782686 0.000000 0.000000
0.700000 0.766277 0.000000 0.000000
0.725000 0.745683 0.000000 0.000000
0.750000 0.722467 0.000000 0.000000
0.775000 0.683715 0.000000 0.000000
0.800000 0.000000 0.000000 0.000000
0.825000 0.000000 0.000000 0.000000
0.850000 0.000000 0.000000 0.000000
0.875000 0.000000 0.000000 0.000000
0.900000 0.000000 0.000000 0.000000
0.925000 0.000000 0.000000 0.000000
0.950000 0.000000 0.000000 0.000000
0.975000 0.000000 0.000000 0.000000
1.000000 0.000000 0.000000 0.000000
