0.000000 1.000000 1.000000 1.000000
0.025000 1.000000 1.000000 1.000000
0.050000 1.000000 0.994413 0.990741
0.075000 0.994253 0.991347 0.990741
0.100000 0.989986 0.991347 0.990741
0.125000 0.989986 0.991347 0.990719
0.150000 0.989986 0.991347 0.990719
0.175000 0.989986 0.991347 0.990719
0.200000 0.989986 0.991347 0.990719
0.225000 0.989986 0.991347 0.985240
0.250000 0.989986 0.986711 0.985240
0.275000 0.989986 0.985267 0.980801
0.300000 0.989986 0.985267 0.977134
0.325000 0.989446 0.980541 0.975421
0.350000 0.982968 0.976526 0.974593
0.375000 0.982961 0.975201 0.969752
0.400000 0.982961 0.973397 0.962275
0.425000 0.980020 0.970551 0.952781
0.450000 0.976504 0.966285 0.944963
0.475000 0.973357 0.959230 0.924408
0.500000 0.970563 0.950959 0.910098
0.525000 0.968825 0.943102 0.889021
0.550000 0.965046 0.924164 0.861488
0.575000 0.958123 0.910302 0.841493
0.600000 0.949931 0.892365 0.815639
0.625000 0.940065 0.869057 0.784331
0.650000 0.932298 0.845117 0.751148
0.675000 0.913247 0.823027 0.751148
0.700000 0.896226 0.792764 0.000000
0.725000 0.876375 0.758277 0.000000
0.750000 0.855237 0.741437 0.000000
0.775000 0.823286 0.000000 0.000000
0.800000 0.795435 0.000000 0.000000
0.825000 0.768455 0.000000 0.000000
0.850000 0.715118 0.000000 0.000000
0.875000 0.687264 0.000000 0.000000
0.900000 0.000000 0.000000 0.000000
0.925000 0.000000 0.000000 0.000000
0.950000 0.000000 0.000000 0.000000
0.975000 0.000000 0.000000 0.000000
1.000000 0.000000 0.000000 0.000000
