0.000000 0.500000 1.000000 1.000000
0.025000 0.500000 0.807692 0.833333
0.050000 0.500000 0.807692 0.800000
0.075000 0.500000 0.807692 0.769231
0.100000 0.395349 0.777778 0.740741
0.125000 0.395349 0.760870 0.602410
0.150000 0.320000 0.724138 0.535088
0.175000 0.320000 0.607595 0.514493
0.200000 0.233333 0.572917 0.485030
0.225000 0.215686 0.539130 0.466667
0.250000 0.215686 0.514925 0.428571
0.275000 0.000000 0.496732 0.428571
0.300000 0.000000 0.461111 0.000000
0.325000 0.000000 0.422535 0.000000
0.350000 0.000000 0.411765 0.000000
0.375000 0.000000 0.411765 0.000000
0.400000 0.000000 0.000000 0.000000
0.425000 0.000000 0.000000 0.000000
0.450000 0.000000 0.000000 0.000000
0.475000 0.000000 0.000000 0.000000
0.500000 0.000000 0.000000 0.000000
0.525000 0.000000 0.000000 0.000000
0.550000 0.000000 0.000000 0.000000
0.575000 0.000000 0.000000 0.000000
0.600000 0.000000 0.000000 0.000000
0.625000 0.000000 0.000000 0.000000
0.650000 0.000000 0.000000 0.000000
0.675000 0.000000 0.000000 0.000000
0.700000 0.000000 0.000000 0.000000
0.725000 0.000000 0.000000 0.000000
0.750000 0.000000 0.000000 0.000000
0.775000 0.000000 0.000000 0.000000
0.800000 0.000000 0.000000 0.000000
0.825000 0.000000 0.000000 0.000000
0.850000 0.000000 0.000000 0.000000
0.875000 0.000000 0.000000 0.000000
0.900000 0.000000 0.000000 0.000000
0.925000 0.000000 0.000000 0.000000
0.950000 0.000000 0.000000 0.000000
0.975000 0.000000 0.000000 0.000000
1.000000 0.000000 0.000000 0.000000
