0.000000 1.000000 1.000000 1.000000
0.025000 1.000000 1.000000 1.000000
0.050000 1.000000 1.000000 1.000000
0.075000 1.000000 1.000000 1.000000
0.100000 1.000000 1.000000 1.000000
0.125000 1.000000 1.000000 1.000000
0.150000 1.000000 1.000000 1.000000
0.175000 1.000000 1.000000 0.986486
0.200000 1.000000 0.993103 0.982833
0.225000 1.000000 0.983264 0.982833
0.250000 1.000000 0.983264 0.982833
0.275000 1.000000 0.983264 0.982833
0.300000 1.000000 0.983264 0.980392
0.325000 1.000000 0.983264 0.979798
0.350000 1.000000 0.980831 0.979798
0.375000 1.000000 0.980831 0.979412
0.400000 1.000000 0.980831 0.979412
0.425000 1.000000 0.980831 0.977901
0.450000 0.974359 0.980000 0.958974
0.475000 0.969466 0.980000 0.922897
0.500000 0.969466 0.978320 0.883227
0.525000 0.956835 0.947500 0.833969
0.550000 0.952055 0.916859 0.782906
0.575000 0.947712 0.881104 0.746875
0.600000 0.863636 0.826336 0.726346
0.625000 0.793970 0.776248 0.691489
0.650000 0.773585 0.743265 0.645585
0.675000 0.662791 0.730135 0.616905
0.700000 0.604096 0.696552 0.572835
0.725000 0.580952 0.643296 0.539839
0.750000 0.567164 0.611738 0.517872
0.775000 0.524064 0.557769 0.000000
0.800000 0.500000 0.517457 0.000000
0.825000 0.434511 0.503425 0.000000
0.850000 0.379371 0.000000 0.000000
0.875000 0.328909 0.000000 0.000000
0.900000 0.324675 0.000000 0.000000
0.925000 0.000000 0.000000 0.000000
0.950000 0.000000 0.000000 0.000000
0.975000 0.000000 0.000000 0.000000
1.000000 0.000000 0.000000 0.000000
