0.000000 1.000000 1.000000 1.000000
0.025000 0.562500 0.842105 0.890909
0.050000 0.463415 0.773810 0.798387
0.075000 0.400000 0.678322 0.729064
0.100000 0.400000 0.670103 0.726937
0.125000 0.398305 0.637255 0.705714
0.150000 0.385965 0.637255 0.704762
0.175000 0.385965 0.623626 0.687251
0.200000 0.380000 0.614657 0.675214
0.225000 0.377778 0.607069 0.651982
0.250000 0.374502 0.588138 0.643603
0.275000 0.353741 0.588138 0.630662
0.300000 0.353125 0.578009 0.596173
0.325000 0.346479 0.565684 0.583962
0.350000 0.324324 0.525463 0.000000
0.375000 0.282946 0.516977 0.000000
0.400000 0.282946 0.000000 0.000000
0.425000 0.000000 0.000000 0.000000
0.450000 0.000000 0.000000 0.000000
0.475000 0.000000 0.000000 0.000000
0.500000 0.000000 0.000000 0.000000
0.525000 0.000000 0.000000 0.000000
0.550000 0.000000 0.000000 0.000000
0.575000 0.000000 0.000000 0.000000
0.600000 0.000000 0.000000 0.000000
0.625000 0.000000 0.000000 0.000000
0.650000 0.000000 0.000000 0.000000
0.675000 0.000000 0.000000 0.000000
0.700000 0.000000 0.000000 0.000000
0.725000 0.000000 0.000000 0.000000
0.750000 0.000000 0.000000 0.000000
0.775000 0.000000 0.000000 0.000000
0.800000 0.000000 0.000000 0.000000
0.825000 0.000000 0.000000 0.000000
0.850000 0.000000 0.000000 0.000000
0.875000 0.000000 0.000000 0.000000
0.900000 0.000000 0.000000 0.000000
0.925000 0.000000 0.000000 0.000000
0.950000 0.000000 0.000000 0.000000
0.975000 0.000000 0.000000 0.000000
1.000000 0.000000 0.000000 0.000000
