0.000000 1.000000 1.000000 1.000000
0.025000 1.000000 1.000000 1.000000
0.050000 1.000000 1.000000 1.000000
0.075000 1.000000 0.999152 0.998161
0.100000 1.000000 0.998729 0.996788
0.125000 1.000000 0.997459 0.996067
0.150000 1.000000 0.996195 0.996067
0.175000 1.000000 0.996194 0.996067
0.200000 0.999163 0.996194 0.995643
0.225000 0.998513 0.996194 0.995314
0.250000 0.997326 0.996194 0.994138
0.275000 0.997032 0.995620 0.993675
0.300000 0.997032 0.995563 0.993138
0.325000 0.997032 0.994350 0.992824
0.350000 0.997032 0.993853 0.991648
0.375000 0.997032 0.993087 0.990148
0.400000 0.997032 0.992888 0.989517
0.425000 0.997032 0.992713 0.988854
0.450000 0.997032 0.992000 0.987268
0.475000 0.996135 0.990704 0.986039
0.500000 0.995995 0.989417 0.984223
0.525000 0.995551 0.988966 0.981148
0.550000 0.994545 0.988330 0.979413
0.575000 0.993631 0.986671 0.976379
0.600000 0.993067 0.985877 0.973907
0.625000 0.992549 0.984060 0.969907
0.650000 0.992072 0.981918 0.965187
0.675000 0.991630 0.978947 0.958530
0.700000 0.991457 0.977071 0.951954
0.725000 0.990160 0.973581 0.941951
0.750000 0.988298 0.969946 0.930883
0.775000 0.986351 0.965802 0.912419
0.800000 0.984939 0.959307 0.883508
0.825000 0.982442 0.951112 0.829751
0.850000 0.979722 0.941467 0.802271
0.875000 0.975710 0.925392 0.000000
0.900000 0.967051 0.899459 0.000000
0.925000 0.953368 0.839575 0.000000
0.950000 0.915550 0.768093 0.000000
0.975000 0.762647 0.000000 0.000000
1.000000 0.704431 0.000000 0.000000
