0.000000 1.000000 1.000000 1.000000
0.025000 1.000000 1.000000 1.000000
0.050000 1.000000 1.000000 1.000000
0.075000 1.000000 1.000000 0.989011
0.100000 1.000000 0.982143 0.975410
0.125000 0.987952 0.971631 0.973856
0.150000 0.980000 0.953757 0.947090
0.175000 0.966102 0.941176 0.945701
0.200000 0.963235 0.940171 0.937255
0.225000 0.942308 0.932075 0.924399
0.250000 0.937500 0.919463 0.919753
0.275000 0.937500 0.917933 0.916201
0.300000 0.928910 0.916435 0.915601
0.325000 0.917749 0.915385 0.915094
0.350000 0.908730 0.914286 0.906725
0.375000 0.906250 0.905495 0.899598
0.400000 0.906250 0.897751 0.895131
0.425000 0.903790 0.892925 0.883275
0.450000 0.903790 0.886894 0.848341
0.475000 0.903790 0.854337 0.828947
0.500000 0.895890 0.829305 0.807848
0.525000 0.888601 0.811268 0.788679
0.550000 0.877751 0.795784 0.767795
0.575000 0.872093 0.768856 0.736156
0.600000 0.865342 0.730599 0.000000
0.625000 0.846473 0.000000 0.000000
0.650000 0.800000 0.000000 0.000000
0.675000 0.773684 0.000000 0.000000
0.700000 0.752883 0.000000 0.000000
0.725000 0.720365 0.000000 0.000000
0.750000 0.682893 0.000000 0.000000
0.775000 0.000000 0.000000 0.000000
0.800000 0.000000 0.000000 0.000000
0.825000 0.000000 0.000000 0.000000
0.850000 0.000000 0.000000 0.000000
0.875000 0.000000 0.000000 0.000000
0.900000 0.000000 0.000000 0.000000
0.925000 0.000000 0.000000 0.000000
0.950000 0.000000 0.000000 0.000000
0.975000 0.000000 0.000000 0.000000
1.000000 0.000000 0.000000 0.000000
