0.000000 1.000000 1.000000 1.000000
0.025000 1.000000 1.000000 1.000000
0.050000 1.000000 1.000000 1.000000
0.075000 1.000000 1.000000 1.000000
0.100000 1.000000 0.992051 0.992032
0.125000 1.000000 0.992051 0.992032
0.150000 0.990625 0.992051 0.992032
0.175000 0.990625 0.992051 0.992032
0.200000 0.990625 0.991655 0.986143
0.225000 0.990625 0.988903 0.984631
0.250000 0.990625 0.985619 0.981621
0.275000 0.990625 0.982949 0.981621
0.300000 0.989986 0.981651 0.980122
0.325000 0.982968 0.981372 0.977481
0.350000 0.982968 0.981132 0.970779
0.375000 0.980726 0.978054 0.966245
0.400000 0.979265 0.973379 0.965537
0.425000 0.979265 0.969309 0.957806
0.450000 0.979265 0.965704 0.952452
0.475000 0.976827 0.963047 0.946828
0.500000 0.973840 0.957082 0.938516
0.525000 0.968825 0.951244 0.919672
0.550000 0.964313 0.947368 0.898357
0.575000 0.959538 0.937814 0.873490
0.600000 0.958506 0.926808 0.844079
0.625000 0.953765 0.904298 0.808775
0.650000 0.948232 0.885452 0.766051
0.675000 0.938026 0.852442 0.742954
0.700000 0.928777 0.818212 0.000000
0.725000 0.913304 0.779819 0.000000
0.750000 0.893760 0.733626 0.000000
0.775000 0.870199 0.731315 0.000000
0.800000 0.839237 0.000000 0.000000
0.825000 0.802272 0.000000 0.000000
0.850000 0.756642 0.000000 0.000000
0.875000 0.681496 0.000000 0.000000
0.900000 0.676892 0.000000 0.000000
0.925000 0.000000 0.000000 0.000000
0.950000 0.000000 0.000000 0.000000
0.975000 0.000000 0.000000 0.000000
1.000000 0.000000 0.000000 0.000000
