0.000000 1.000000 1.000000 1.000000
0.025000 1.000000 1.000000 1.000000
0.050000 1.000000 1.000000 1.000000
0.075000 1.000000 1.000000 1.000000
0.100000 1.000000 1.000000 1.000000
0.125000 1.000000 1.000000 1.000000
0.150000 1.000000 1.000000 0.919118
0.175000 1.000000 0.900000 0.858824
0.200000 1.000000 0.862275 0.825871
0.225000 1.000000 0.848168 0.795745
0.250000 1.000000 0.810811 0.745520
0.275000 1.000000 0.756654 0.729299
0.300000 1.000000 0.733108 0.675676
0.325000 1.000000 0.712121 0.665025
0.350000 1.000000 0.674667 0.653277
0.375000 1.000000 0.665848 0.653277
0.400000 1.000000 0.654584 0.000000
0.425000 1.000000 0.654584 0.000000
0.450000 0.838235 0.653277 0.000000
0.475000 0.821918 0.000000 0.000000
0.500000 0.788820 0.000000 0.000000
0.525000 0.755682 0.000000 0.000000
0.550000 0.743316 0.000000 0.000000
0.575000 0.714286 0.000000 0.000000
0.600000 0.628099 0.000000 0.000000
0.625000 0.000000 0.000000 0.000000
0.650000 0.000000 0.000000 0.000000
0.675000 0.000000 0.000000 0.000000
0.700000 0.000000 0.000000 0.000000
0.725000 0.000000 0.000000 0.000000
0.750000 0.000000 0.000000 0.000000
0.775000 0.000000 0.000000 0.000000
0.800000 0.000000 0.000000 0.000000
0.825000 0.000000 0.000000 0.000000
0.850000 0.000000 0.000000 0.000000
0.875000 0.000000 0.000000 0.000000
0.900000 0.000000 0.000000 0.000000
0.925000 0.000000 0.000000 0.000000
0.950000 0.000000 0.000000 0.000000
0.975000 0.000000 0.000000 0.000000
1.000000 0.000000 0.000000 0.000000
