0.000000 1.000000 1.000000 1.000000
0.025000 0.562500 0.800000 0.890909
0.050000 0.528302 0.747126 0.818182
0.075000 0.528302 0.702899 0.783069
0.100000 0.487179 0.677083 0.754789
0.125000 0.435185 0.650602 0.699717
0.150000 0.398601 0.614657 0.695565
0.175000 0.382883 0.614657 0.695565
0.200000 0.382883 0.614657 0.675214
0.225000 0.382883 0.577075 0.651982
0.250000 0.371542 0.576512 0.636129
0.275000 0.333333 0.559561 0.608744
0.300000 0.333333 0.536552 0.590229
0.325000 0.317829 0.519704 0.565755
0.350000 0.314286 0.501104 0.551037
0.375000 0.295833 0.489447 0.535844
0.400000 0.285985 0.475275 0.528807
0.425000 0.274744 0.469388 0.000000
0.450000 0.273141 0.459481 0.000000
0.475000 0.273141 0.000000 0.000000
0.500000 0.259259 0.000000 0.000000
0.525000 0.254342 0.000000 0.000000
0.550000 0.254342 0.000000 0.000000
0.575000 0.000000 0.000000 0.000000
0.600000 0.000000 0.000000 0.000000
0.625000 0.000000 0.000000 0.000000
0.650000 0.000000 0.000000 0.000000
0.675000 0.000000 0.000000 0.000000
0.700000 0.000000 0.000000 0.000000
0.725000 0.000000 0.000000 0.000000
0.750000 0.000000 0.000000 0.000000
0.775000 0.000000 0.000000 0.000000
0.800000 0.000000 0.000000 0.000000
0.825000 0.000000 0.000000 0.000000
0.850000 0.000000 0.000000 0.000000
0.875000 0.000000 0.000000 0.000000
0.900000 0.000000 0.000000 0.000000
0.925000 0.000000 0.000000 0.000000
0.950000 0.000000 0.000000 0.000000
0.975000 0.000000 0.000000 0.000000
1.000000 0.000000 0.000000 0.000000
