0.000000 0.981908 0.984950 0.984876
0.025000 0.981908 0.984950 0.984876
0.050000 0.981908 0.984950 0.984876
0.075000 0.981908 0.984950 0.984876
0.100000 0.981908 0.984336 0.983688
0.125000 0.981360 0.982983 0.981200
0.150000 0.981360 0.981258 0.981018
0.175000 0.981203 0.980735 0.980640
0.200000 0.981101 0.980337 0.978810
0.225000 0.981008 0.980033 0.978370
0.250000 0.979003 0.978564 0.976958
0.275000 0.977074 0.977593 0.975650
0.300000 0.977074 0.977593 0.974125
0.325000 0.976678 0.976468 0.972571
0.350000 0.976678 0.974991 0.969755
0.375000 0.976678 0.973393 0.968129
0.400000 0.976678 0.972300 0.966607
0.425000 0.974260 0.970345 0.963152
0.450000 0.973188 0.967689 0.959631
0.475000 0.972889 0.966321 0.956409
0.500000 0.972621 0.964979 0.953113
0.525000 0.971172 0.962418 0.947780
0.550000 0.968999 0.958925 0.942909
0.575000 0.967851 0.955560 0.937514
0.600000 0.964709 0.951535 0.930030
0.625000 0.964073 0.948406 0.920431
0.650000 0.960862 0.942572 0.908167
0.675000 0.957452 0.937649 0.894901
0.700000 0.956502 0.931379 0.875050
0.725000 0.953294 0.924194 0.844602
0.750000 0.948104 0.913887 0.799558
0.775000 0.942723 0.898767 0.717581
0.800000 0.936078 0.881136 0.000000
0.825000 0.927482 0.854909 0.000000
0.850000 0.913889 0.810171 0.000000
0.875000 0.901744 0.696589 0.000000
0.900000 0.886743 0.676170 0.000000
0.925000 0.854886 0.000000 0.000000
0.950000 0.794451 0.000000 0.000000
0.975000 0.619083 0.000000 0.000000
1.000000 0.000000 0.000000 0.000000
