0.000000 1.000000 1.000000 1.000000
0.025000 0.942857 0.964286 0.937500
0.050000 0.942857 0.911111 0.915385
0.075000 0.912000 0.911111 0.915385
0.100000 0.912000 0.909091 0.915385
0.125000 0.912000 0.909091 0.908745
0.150000 0.912000 0.909091 0.908745
0.175000 0.912000 0.909091 0.908745
0.200000 0.899083 0.909091 0.908745
0.225000 0.899083 0.908088 0.896667
0.250000 0.899083 0.886731 0.876471
0.275000 0.899083 0.870317 0.858639
0.300000 0.899083 0.843590 0.830626
0.325000 0.898305 0.830233 0.825532
0.350000 0.891051 0.820513 0.796190
0.375000 0.865724 0.793834 0.759729
0.400000 0.852941 0.753425 0.733538
0.425000 0.837349 0.728972 0.697802
0.450000 0.803279 0.671642 0.654126
0.475000 0.792839 0.648515 0.599579
0.500000 0.784173 0.595032 0.540614
0.525000 0.744035 0.542214 0.510238
0.550000 0.708661 0.502082 0.000000
0.575000 0.687386 0.000000 0.000000
0.600000 0.620472 0.000000 0.000000
0.625000 0.601173 0.000000 0.000000
0.650000 0.548969 0.000000 0.000000
0.675000 0.506865 0.000000 0.000000
0.700000 0.472222 0.000000 0.000000
0.725000 0.458045 0.000000 0.000000
0.750000 0.000000 0.000000 0.000000
0.775000 0.000000 0.000000 0.000000
0.800000 0.000000 0.000000 0.000000
0.825000 0.000000 0.000000 0.000000
0.850000 0.000000 0.000000 0.000000
0.875000 0.000000 0.000000 0.000000
0.900000 0.000000 0.000000 0.000000
0.925000 0.000000 0.000000 0.000000
0.950000 0.000000 0.000000 0.000000
0.975000 0.000000 0.000000 0.000000
1.000000 0.000000 0.000000 0.000000
