0.000000 1.000000 1.000000 1.000000
0.025000 1.000000 1.000000 1.000000
0.050000 1.000000 1.000000 1.000000
0.075000 1.000000 1.000000 0.996894
0.100000 1.000000 0.997207 0.995349
0.125000 0.996552 0.995536 0.992565
0.150000 0.995074 0.990741 0.990728
0.175000 0.995074 0.990491 0.990728
0.200000 0.989708 0.990291 0.989712
0.225000 0.989708 0.989909 0.989712
0.250000 0.989708 0.989909 0.987073
0.275000 0.987790 0.989909 0.985750
0.300000 0.987790 0.987097 0.983908
0.325000 0.987790 0.985556 0.980959
0.350000 0.987790 0.983478 0.978445
0.375000 0.986333 0.980234 0.975684
0.400000 0.984026 0.978097 0.973265
0.425000 0.982983 0.975578 0.972727
0.450000 0.980226 0.974530 0.962038
0.475000 0.977738 0.971936 0.954481
0.500000 0.977177 0.970141 0.940246
0.525000 0.973536 0.959591 0.920902
0.550000 0.970992 0.952496 0.890318
0.575000 0.970073 0.937871 0.837360
0.600000 0.967225 0.919313 0.778890
0.625000 0.965909 0.896026 0.732877
0.650000 0.957935 0.849872 0.663643
0.675000 0.945455 0.795380 0.624448
0.700000 0.936343 0.736951 0.000000
0.725000 0.916348 0.678375 0.000000
0.750000 0.888775 0.610794 0.000000
0.775000 0.851236 0.000000 0.000000
0.800000 0.786139 0.000000 0.000000
0.825000 0.718267 0.000000 0.000000
0.850000 0.633548 0.000000 0.000000
0.875000 0.547548 0.000000 0.000000
0.900000 0.000000 0.000000 0.000000
0.925000 0.000000 0.000000 0.000000
0.950000 0.000000 0.000000 0.000000
0.975000 0.000000 0.000000 0.000000
1.000000 0.000000 0.000000 0.000000
