0.000000 1.000000 1.000000 1.000000
0.025000 1.000000 1.000000 1.000000
0.050000 1.000000 1.000000 1.000000
0.075000 1.000000 1.000000 1.000000
0.100000 1.000000 1.000000 1.000000
0.125000 1.000000 1.000000 1.000000
0.150000 1.000000 1.000000 0.992063
0.175000 1.000000 0.992126 0.973333
0.200000 1.000000 0.972973 0.965116
0.225000 1.000000 0.970060 0.925743
0.250000 1.000000 0.947368 0.888889
0.275000 1.000000 0.908676 0.884170
0.300000 1.000000 0.889344 0.862069
0.325000 0.987952 0.880150 0.846395
0.350000 0.978022 0.863481 0.824363
0.375000 0.959596 0.844237 0.800000
0.400000 0.955752 0.825714 0.783529
0.425000 0.955752 0.812169 0.772926
0.450000 0.942149 0.790754 0.748000
0.475000 0.902256 0.772523 0.735741
0.500000 0.858108 0.758403 0.000000
0.525000 0.786982 0.743137 0.000000
0.550000 0.776536 0.735238 0.000000
0.575000 0.760000 0.000000 0.000000
0.600000 0.760000 0.000000 0.000000
0.625000 0.738318 0.000000 0.000000
0.650000 0.728889 0.000000 0.000000
0.675000 0.703704 0.000000 0.000000
0.700000 0.700000 0.000000 0.000000
0.725000 0.000000 0.000000 0.000000
0.750000 0.000000 0.000000 0.000000
0.775000 0.000000 0.000000 0.000000
0.800000 0.000000 0.000000 0.000000
0.825000 0.000000 0.000000 0.000000
0.850000 0.000000 0.000000 0.000000
0.875000 0.000000 0.000000 0.000000
0.900000 0.000000 0.000000 0.000000
0.925000 0.000000 0.000000 0.000000
0.950000 0.000000 0.000000 0.000000
0.975000 0.000000 0.000000 0.000000
1.000000 0.000000 0.000000 0.000000
