0.000000 0.527778 0.680851 0.765625
0.025000 0.527778 0.680851 0.765625
0.050000 0.527778 0.633987 0.722628
0.075000 0.506667 0.633987 0.685185
0.100000 0.506667 0.570175 0.643791
0.125000 0.460784 0.536424 0.598063
0.150000 0.431818 0.532787 0.572534
0.175000 0.431373 0.505568 0.568369
0.200000 0.378109 0.504854 0.547850
0.225000 0.346939 0.494078 0.533013
0.250000 0.336918 0.478582 0.526147
0.275000 0.316527 0.477273 0.516651
0.300000 0.316527 0.473236 0.504689
0.325000 0.308271 0.462212 0.488195
0.350000 0.306977 0.454910 0.467840
0.375000 0.292181 0.433274 0.432496
0.400000 0.290385 0.419903 0.414491
0.425000 0.285968 0.402626 0.000000
0.450000 0.284757 0.375563 0.000000
0.475000 0.267062 0.358435 0.000000
0.500000 0.257104 0.000000 0.000000
0.525000 0.245679 0.000000 0.000000
0.550000 0.236425 0.000000 0.000000
0.575000 0.226611 0.000000 0.000000
0.600000 0.201770 0.000000 0.000000
0.625000 0.198957 0.000000 0.000000
0.650000 0.000000 0.000000 0.000000
0.675000 0.000000 0.000000 0.000000
0.700000 0.000000 0.000000 0.000000
0.725000 0.000000 0.000000 0.000000
0.750000 0.000000 0.000000 0.000000
0.775000 0.000000 0.000000 0.000000
0.800000 0.000000 0.000000 0.000000
0.825000 0.000000 0.000000 0.000000
0.850000 0.000000 0.000000 0.000000
0.875000 0.000000 0.000000 0.000000
0.900000 0.000000 0.000000 0.000000
0.925000 0.000000 0.000000 0.000000
0.950000 0.000000 0.000000 0.000000
0.975000 0.000000 0.000000 0.000000
1.000000 0.000000 0.000000 0.000000
